8.4628,-38.173,1769
7.965,-35.928,1749
7.4672,-33.682,1749
6.9694,-31.437,1758
6.4715,-29.191,1750
5.9737,-26.946,1745
5.4759,-24.7,1750
4.9781,-22.455,1753
4.4803,-20.209,1734
3.9825,-17.964,1710
3.463,-15.621,1711
2.9652,-13.375,1709
2.4674,-11.13,1674
1.9696,-8.8843,1665
1.4718,-6.6388,1680
0.97398,-4.3933,1648
0.47617,-2.1479,1626
-0.021644,0.09763,1581
-0.51946,2.3431,1602
-1.0173,4.5886,1558
-1.5151,6.8341,1538
-2.0129,9.0796,1506
-2.5107,11.325,1521
-3.0085,13.571,1498
-3.528,15.914,1501
-4.0258,18.159,1491
-4.5236,20.405,1481
-5.0214,22.65,1468
-5.5192,24.896,1455
-6.017,27.141,1454
-6.5148,29.387,1456
-7.0126,31.632,1459
-7.5105,33.877,1451
-8.0083,36.123,1465
-8.5061,38.368,1451
-9.5017,42.859,1486
-11.017,49.693,1433
27.824,6.1685,1631
21.088,4.6751,1618
18.843,4.1773,1607
16.597,3.6795,1608
14.352,3.1817,1601
12.106,2.6839,1603
9.8606,2.186,1612
7.6151,1.6882,1607
5.272,1.1688,1618
3.0265,0.67096,1649
0.78104,0.17315,1595
-1.4644,-0.32466,1580
-3.7099,-0.82247,1574
-5.9554,-1.3203,1574
-8.2009,-1.8181,1559
-10.446,-2.3159,1578
-12.692,-2.8137,1591
-14.937,-3.3115,1579
-17.183,-3.8093,1588
-19.428,-4.3071,1581
-21.674,-4.805,1569
-23.919,-5.3028,1572
-26.262,-5.8222,1584
-28.508,-6.32,1565
23.87,-25.597,1718
22.301,-23.915,1711
20.733,-22.233,1710
19.164,-20.551,1715
17.596,-18.869,1713
16.027,-17.187,1717
14.39,-15.432,1715
12.822,-13.749,1712
11.253,-12.067,1710
9.6844,-10.385,1692
8.1158,-8.7031,1669
6.5472,-7.021,1679
4.9786,-5.3389,1691
3.41,-3.6568,1647
1.8414,-1.9747,1630
0.2728,-0.29254,1616
-1.2958,1.3896,1576
-2.8644,3.0717,1561
-4.433,4.7538,1558
-6.0016,6.4359,1538
-7.6384,8.1912,1525
-9.207,9.8733,1509
-10.776,11.555,1501
-12.344,13.238,1494
-13.913,14.92,1489
-15.481,16.602,1493
-17.05,18.284,1487
-18.619,19.966,1495
-20.187,21.648,1511
-21.756,23.33,1505
-23.324,25.012,1508
-24.893,26.694,1507
-26.462,28.377,1513
-28.03,30.059,1493
-29.667,31.814,1495
18.42,-47.986,1736
17.596,-45.839,1744
16.772,-43.692,1765
15.947,-41.544,1766
14.263,-37.157,1764
13.439,-35.009,1715
12.615,-32.862,1751
11.79,-30.715,1761
10.966,-28.568,1763
10.142,-26.42,1758
9.3176,-24.273,1743
8.4933,-22.126,1738
7.6691,-19.979,1732
6.8448,-17.831,1734
6.0206,-15.684,1723
5.1963,-13.537,1706
4.3721,-11.39,1665
3.5478,-9.2424,1677
2.6878,-7.0019,1679
1.8635,-4.8546,1601
1.0393,-2.7074,1629
0.21502,-0.56015,1621
-0.60923,1.5871,1574
-1.4335,3.7343,1559
-2.2577,5.8816,1540
-3.082,8.0288,1525
-3.9062,10.176,1517
-4.7305,12.323,1506
-5.5547,14.47,1481
-6.3789,16.618,1465
-7.2032,18.765,1468
-8.0274,20.912,1465
-8.8875,23.153,1454
-9.7118,25.3,1448
-10.536,27.447,1441
-11.36,29.594,1441
-12.185,31.742,1430
-13.009,33.889,1434
-13.833,36.036,1445
-14.657,38.183,1464
-15.481,40.331,1471
-16.306,42.478,1442
-17.13,44.625,1436
-17.954,46.772,1434
-18.778,48.92,1428
25.89,24.143,1558
24.208,22.574,1563
22.453,20.937,1581
20.844,19.437,1548
19.161,17.868,1572
17.479,16.3,1574
15.797,14.731,1578
14.115,13.163,1576
12.433,11.594,1583
10.751,10.025,1584
9.0688,8.4568,1566
7.3135,6.82,1568
5.7046,5.3196,1577
3.9493,3.6828,1587
2.1941,2.046,1606
0.51195,0.4774,1593
-1.097,-1.023,1584
-2.7791,-2.5916,1595
-4.4613,-4.1602,1617
-6.0702,-5.6606,1552
-7.8255,-7.2974,1597
-9.5076,-8.866,1615
-11.19,-10.435,1626
-12.872,-12.003,1626
-14.554,-13.572,1586
-16.236,-15.14,1624
-23.111,-21.551,1600
-24.72,-23.052,1585
1.976,-45.257,1738
1.7753,-40.661,1690
1.675,-38.363,1729
1.5747,-36.066,1719
1.4743,-33.768,1702
1.374,-31.47,1754
1.2737,-29.172,1741
1.1734,-26.874,1736
1.073,-24.577,1731
0.97271,-22.279,1725
0.87239,-19.981,1710
0.7677,-17.583,1673
0.66738,-15.285,1669
0.56705,-12.988,1641
0.46673,-10.69,1675
0.3664,-8.392,1681
0.26608,-6.0942,1645
0.16575,-3.7964,1594
0.065429,-1.4986,1583
-0.034896,0.79924,1599
-0.13522,3.097,1578
-0.23554,5.3949,1548
-0.33587,7.6927,1543
-0.43619,9.9905,1537
-0.53652,12.288,1543
-0.63684,14.586,1519
-0.74153,16.984,1500
-0.84185,19.282,1488
-0.94218,21.579,1486
-1.0425,23.877,1483
-1.1428,26.175,1481
-1.2432,28.473,1485
-1.3435,30.771,1480
-1.4438,33.068,1479
-1.5441,35.366,1505
-1.6445,37.664,1482
-1.7448,39.962,1481
-1.8451,42.26,1489
24.853,49.848,1531
23.827,47.789,1533
22.801,45.731,1539
21.73,43.583,1526
20.704,41.525,1551
19.677,39.467,1549
18.651,37.408,1532
16.554,33.202,1538
15.572,31.233,1550
14.546,29.175,1536
13.475,27.027,1519
12.449,24.969,1536
11.423,22.91,1535
10.396,20.852,1536
9.3702,18.794,1533
8.3439,16.735,1528
7.3176,14.677,1539
6.2914,12.619,1546
5.2651,10.56,1552
4.2389,8.5019,1557
3.2126,6.4435,1573
2.1864,4.3852,1553
1.1601,2.3268,1576
0.13386,0.26848,1591
-0.93702,-1.8794,1591
-1.9633,-3.9377,1624
-2.9895,-5.9961,1633
-4.0158,-8.0544,1597
-5.042,-10.113,1605
-6.0683,-12.171,1629
-7.0499,-14.14,1658
-8.0762,-16.198,1664
-9.1471,-18.346,1667
-10.173,-20.405,1671
-11.2,-22.463,1687
-12.226,-24.521,1682
-13.252,-26.58,1668
-14.278,-28.638,1673
-15.305,-30.696,1684
-16.331,-32.755,1668
-17.357,-34.813,1618
-18.383,-36.871,1658
-19.41,-38.93,1644
-20.436,-40.988,1647
-21.462,-43.046,1642
-22.488,-45.105,1616
29.484,6.5365,1629
27.043,5.9954,1610
25.091,5.5625,1603
22.65,5.0214,1613
20.405,4.5236,1603
18.159,4.0258,1606
15.914,3.528,1603
13.766,3.0518,1608
11.423,2.5323,1613
9.1772,2.0345,1616
6.9317,1.5367,1615
4.5886,1.0173,1611
2.4407,0.5411,1580
0.09763,0.021644,1580
-2.0502,-0.45452,1586
-4.1981,-0.93069,1591
-6.6388,-1.4718,1592
-8.8843,-1.9696,1562
-11.13,-2.4674,1572
-13.278,-2.9436,1589
-15.523,-3.4414,1588
-17.866,-3.9608,1585
-20.112,-4.4587,1586
-22.357,-4.9565,1573
-24.603,-5.4543,1573
-26.848,-5.9521,1558
-29.094,-6.4499,1566
10.887,-49.108,1740
9.3935,-42.371,1704
8.9173,-40.223,1748
8.3979,-37.88,1757
7.9217,-35.732,1775
7.4239,-33.487,1765
6.9261,-31.241,1762
6.4283,-28.996,1752
5.9088,-26.653,1752
5.411,-24.407,1753
4.9132,-22.162,1753
4.4154,-19.916,1748
3.9176,-17.671,1730
3.4414,-15.523,1709
2.9219,-13.18,1688
2.4241,-10.935,1687
1.9263,-8.689,1678
1.4285,-6.4436,1654
0.93069,-4.1981,1634
0.43288,-1.9526,1611
-0.064932,0.29289,1590
-0.56274,2.5384,1562
-1.0606,4.7839,1565
-1.5584,7.0293,1541
-2.0778,9.3724,1537
-2.554,11.52,1515
-3.0734,13.863,1498
-3.5713,16.109,1479
-4.0691,18.354,1481
-4.5669,20.6,1475
-5.0647,22.845,1466
-5.5625,25.091,1461
-6.0603,27.336,1457
-6.5581,29.582,1455
-7.0559,31.827,1452
-7.5754,34.17,1453
-8.0732,36.416,1448
-8.5494,38.564,1469
-9.0905,41.004,1456
-9.5883,43.25,1448
-10.043,45.3,1409
-10.541,47.546,1416
-11.06,49.889,1429
